311 240 240 240 78 78 265 78 240 240
240 240 240 78 78 265 78 240 240 240
240 240 78 78 265 78 240 240 240 240
240 78 78 265 78 240 240 240 240 33
78 78 265 78 240 240 240 240 33 196
78 265 78 240 240 240 240 33 196 196
265 78 240 240 240 240 33 196 196 196
78 240 240 240 240 33 196 196 196 196
240 240 240 240 33 196 196 196 196 196
240 240 240 33 196 196 196 196 196 196
240 240 33 196 196 196 196 196 196 195
240 33 196 196 196 196 196 196 195 5
33 196 196 196 196 196 196 195 5 5
196 196 196 196 196 196 195 5 5 6
196 196 196 196 196 195 5 5 6 5
196 196 196 196 195 5 5 6 5 4
196 196 196 195 5 5 6 5 4 4
196 196 195 5 5 6 5 4 4 4
196 195 5 5 6 5 4 4 4 4
195 5 5 6 5 4 4 4 4 4
5 5 6 5 4 4 4 4 4 4
5 6 5 4 4 4 4 4 4 4
6 5 4 4 4 4 4 4 4 4
5 4 4 4 4 4 4 4 4 4
4 4 4 4 4 4 4 4 4 4
4 4 4 4 4 4 4 4 4 4
4 4 4 4 4 4 4 4 4 118
4 4 4 4 4 4 4 4 118 6
4 4 4 4 4 4 4 118 6 38
4 4 4 4 4 4 118 6 38 4
4 4 4 4 4 118 6 38 4 78
4 4 4 4 118 6 38 4 78 78
4 4 4 118 6 38 4 78 78 265
4 4 118 6 38 4 78 78 265 240
4 118 6 38 4 78 78 265 240 240
118 6 38 4 78 78 265 240 240 240
6 38 4 78 78 265 240 240 240 240
38 4 78 78 265 240 240 240 240 265
4 78 78 265 240 240 240 240 265 265
78 78 265 240 240 240 240 265 265 78
78 265 240 240 240 240 265 265 78 265
265 240 240 240 240 265 265 78 265 265
240 240 240 240 265 265 78 265 265 78
240 240 240 265 265 78 265 265 78 265
240 240 265 265 78 265 265 78 265 265
240 265 265 78 265 265 78 265 265 33
265 265 78 265 265 78 265 265 33 39
265 78 265 265 78 265 265 33 39 5
78 265 265 78 265 265 33 39 5 4
265 265 78 265 265 33 39 5 4 265
265 78 265 265 33 39 5 4 265 265
78 265 265 33 39 5 4 265 265 78
265 265 33 39 5 4 265 265 78 265
265 33 39 5 4 265 265 78 265 265
33 39 5 4 265 265 78 265 265 4
39 5 4 265 265 78 265 265 4 4
5 4 265 265 78 265 265 4 4 265
4 265 265 78 265 265 4 4 265 265
265 265 78 265 265 4 4 265 265 78
265 78 265 265 4 4 265 265 78 265
78 265 265 4 4 265 265 78 265 265
265 265 4 4 265 265 78 265 265 4
265 4 4 265 265 78 265 265 4 265
4 4 265 265 78 265 265 4 265 265
4 265 265 78 265 265 4 265 265 265
265 265 78 265 265 4 265 265 265 4
265 78 265 265 4 265 265 265 4 6
78 265 265 4 265 265 265 4 6 265
265 265 4 265 265 265 4 6 265 78
265 4 265 265 265 4 6 265 78 78
4 265 265 265 4 6 265 78 78 265
265 265 265 4 6 265 78 78 265 240
265 265 4 6 265 78 78 265 240 240
265 4 6 265 78 78 265 240 240 240
4 6 265 78 78 265 240 240 240 265
6 265 78 78 265 240 240 240 265 265
265 78 78 265 240 240 240 265 265 78
78 78 265 240 240 240 265 265 78 265
78 265 240 240 240 265 265 78 265 265
265 240 240 240 265 265 78 265 265 78
240 240 240 265 265 78 265 265 78 265
240 240 265 265 78 265 265 78 265 265
240 265 265 78 265 265 78 265 265 33
265 265 78 265 265 78 265 265 33 39
265 78 265 265 78 265 265 33 39 5
78 265 265 78 265 265 33 39 5 4
265 265 78 265 265 33 39 5 4 265
265 78 265 265 33 39 5 4 265 265
78 265 265 33 39 5 4 265 265 78
265 265 33 39 5 4 265 265 78 265
265 33 39 5 4 265 265 78 265 265
33 39 5 4 265 265 78 265 265 4
39 5 4 265 265 78 265 265 4 265
5 4 265 265 78 265 265 4 265 265
4 265 265 78 265 265 4 265 265 265
265 265 78 265 265 4 265 265 265 4
265 78 265 265 4 265 265 265 4 6
78 265 265 4 265 265 265 4 6 265
265 265 4 265 265 265 4 6 265 4
265 4 265 265 265 4 6 265 4 78
4 265 265 265 4 6 265 4 78 78
265 265 265 4 6 265 4 78 78 265
265 265 4 6 265 4 78 78 265 240
265 4 6 265 4 78 78 265 240 240
4 6 265 4 78 78 265 240 240 33
6 265 4 78 78 265 240 240 33 196
265 4 78 78 265 240 240 33 196 196
4 78 78 265 240 240 33 196 196 196
78 78 265 240 240 33 196 196 196 196
78 265 240 240 33 196 196 196 196 196
265 240 240 33 196 196 196 196 196 196
240 240 33 196 196 196 196 196 196 195
240 33 196 196 196 196 196 196 195 5
33 196 196 196 196 196 196 195 5 5
196 196 196 196 196 196 195 5 5 6
196 196 196 196 196 195 5 5 6 5
196 196 196 196 195 5 5 6 5 4
196 196 196 195 5 5 6 5 4 4
196 196 195 5 5 6 5 4 4 4
196 195 5 5 6 5 4 4 4 4
195 5 5 6 5 4 4 4 4 4
5 5 6 5 4 4 4 4 4 4
5 6 5 4 4 4 4 4 4 4
6 5 4 4 4 4 4 4 4 4
5 4 4 4 4 4 4 4 4 4
4 4 4 4 4 4 4 4 4 4
4 4 4 4 4 4 4 4 4 4
4 4 4 4 4 4 4 4 4 118
4 4 4 4 4 4 4 4 118 6
4 4 4 4 4 4 4 118 6 38
4 4 4 4 4 4 118 6 38 4
4 4 4 4 4 118 6 38 4 78
4 4 4 4 118 6 38 4 78 78
4 4 4 118 6 38 4 78 78 265
4 4 118 6 38 4 78 78 265 240
4 118 6 38 4 78 78 265 240 78
118 6 38 4 78 78 265 240 78 240
6 38 4 78 78 265 240 78 240 4
38 4 78 78 265 240 78 240 4 240
4 78 78 265 240 78 240 4 240 240
78 78 265 240 78 240 4 240 240 4
78 265 240 78 240 4 240 240 4 219