6 6 63 6 42 120 6 195 120 6
6 63 6 42 120 6 195 120 6 6
63 6 42 120 6 195 120 6 6 114
6 42 120 6 195 120 6 6 114 114
42 120 6 195 120 6 6 114 114 1
120 6 195 120 6 6 114 114 1 1
6 195 120 6 6 114 114 1 1 252
195 120 6 6 114 114 1 1 252 252
120 6 6 114 114 1 1 252 252 252
6 6 114 114 1 1 252 252 252 1
6 114 114 1 1 252 252 252 1 1
114 114 1 1 252 252 252 1 1 1
114 1 1 252 252 252 1 1 1 1
1 1 252 252 252 1 1 1 1 1
1 252 252 252 1 1 1 1 1 1
252 252 252 1 1 1 1 1 1 1
252 252 1 1 1 1 1 1 1 1
252 1 1 1 1 1 1 1 1 1
1 1 1 1 1 1 1 1 1 252
1 1 1 1 1 1 1 1 252 252
1 1 1 1 1 1 1 252 252 252
1 1 1 1 1 1 252 252 252 252
1 1 1 1 1 252 252 252 252 252
1 1 1 1 252 252 252 252 252 252
1 1 1 252 252 252 252 252 252 252
1 1 252 252 252 252 252 252 252 252
1 252 252 252 252 252 252 252 252 252
252 252 252 252 252 252 252 252 252 252
252 252 252 252 252 252 252 252 252 252
252 252 252 252 252 252 252 252 252 252
252 252 252 252 252 252 252 252 252 252
252 252 252 252 252 252 252 252 252 252
252 252 252 252 252 252 252 252 252 252
252 252 252 252 252 252 252 252 252 252
252 252 252 252 252 252 252 252 252 252
252 252 252 252 252 252 252 252 252 252
252 252 252 252 252 252 252 252 252 1
252 252 252 252 252 252 252 252 1 1
252 252 252 252 252 252 252 1 1 252
252 252 252 252 252 252 1 1 252 1
252 252 252 252 252 1 1 252 1 1
252 252 252 252 1 1 252 1 1 1
252 252 252 1 1 252 1 1 1 1
252 252 1 1 252 1 1 1 1 1
252 1 1 252 1 1 1 1 1 1
1 1 252 1 1 1 1 1 1 1
1 252 1 1 1 1 1 1 1 1
252 1 1 1 1 1 1 1 1 1
1 1 1 1 1 1 1 1 1 1
1 1 1 1 1 1 1 1 1 1
1 1 1 1 1 1 1 1 1 1
1 1 1 1 1 1 1 1 1 1
1 1 1 1 1 1 1 1 1 1
1 1 1 1 1 1 1 1 1 252
1 1 1 1 1 1 1 1 252 1
1 1 1 1 1 1 1 252 1 1
1 1 1 1 1 1 252 1 1 1
1 1 1 1 1 252 1 1 1 1
1 1 1 1 252 1 1 1 1 1
1 1 1 252 1 1 1 1 1 1
1 1 252 1 1 1 1 1 1 252
1 252 1 1 1 1 1 1 252 252
252 1 1 1 1 1 1 252 252 252
1 1 1 1 1 1 252 252 252 252
1 1 1 1 1 252 252 252 252 252
1 1 1 1 252 252 252 252 252 252
1 1 1 252 252 252 252 252 252 252
1 1 252 252 252 252 252 252 252 252
1 252 252 252 252 252 252 252 252 252
252 252 252 252 252 252 252 252 252 252
252 252 252 252 252 252 252 252 252 252
252 252 252 252 252 252 252 252 252 1
252 252 252 252 252 252 252 252 1 1
252 252 252 252 252 252 252 1 1 1
252 252 252 252 252 252 1 1 1 1
252 252 252 252 252 1 1 1 1 1
252 252 252 252 1 1 1 1 1 1
252 252 252 1 1 1 1 1 1 1
252 252 1 1 1 1 1 1 1 1
252 1 1 1 1 1 1 1 1 1
1 1 1 1 1 1 1 1 1 1
1 1 1 1 1 1 1 1 1 252
1 1 1 1 1 1 1 1 252 1
1 1 1 1 1 1 1 252 1 1
1 1 1 1 1 1 252 1 1 1
1 1 1 1 1 252 1 1 1 1
1 1 1 1 252 1 1 1 1 1
1 1 1 252 1 1 1 1 1 1
1 1 252 1 1 1 1 1 1 1
1 252 1 1 1 1 1 1 1 1
252 1 1 1 1 1 1 1 1 1
1 1 1 1 1 1 1 1 1 1
1 1 1 1 1 1 1 1 1 1
1 1 1 1 1 1 1 1 1 1
1 1 1 1 1 1 1 1 1 1
1 1 1 1 1 1 1 1 1 1
1 1 1 1 1 1 1 1 1 1
1 1 1 1 1 1 1 1 1 1
1 1 1 1 1 1 1 1 1 1
1 1 1 1 1 1 1 1 1 1
1 1 1 1 1 1 1 1 1 252
1 1 1 1 1 1 1 1 252 1
1 1 1 1 1 1 1 252 1 252
1 1 1 1 1 1 252 1 252 252
1 1 1 1 1 252 1 252 252 252
1 1 1 1 252 1 252 252 252 252
1 1 1 252 1 252 252 252 252 252
1 1 252 1 252 252 252 252 252 252
1 252 1 252 252 252 252 252 252 252
252 1 252 252 252 252 252 252 252 252
1 252 252 252 252 252 252 252 252 252
252 252 252 252 252 252 252 252 252 252
252 252 252 252 252 252 252 252 252 252
252 252 252 252 252 252 252 252 252 252
252 252 252 252 252 252 252 252 252 252
252 252 252 252 252 252 252 252 252 252
252 252 252 252 252 252 252 252 252 252
252 252 252 252 252 252 252 252 252 252
252 252 252 252 252 252 252 252 252 252
252 252 252 252 252 252 252 252 252 1
252 252 252 252 252 252 252 252 1 1
252 252 252 252 252 252 252 1 1 1
252 252 252 252 252 252 1 1 1 1
252 252 252 252 252 1 1 1 1 1
252 252 252 252 1 1 1 1 1 1
252 252 252 1 1 1 1 1 1 1
252 252 1 1 1 1 1 1 1 1
252 1 1 1 1 1 1 1 1 1
1 1 1 1 1 1 1 1 1 1
1 1 1 1 1 1 1 1 1 1
1 1 1 1 1 1 1 1 1 252
1 1 1 1 1 1 1 1 252 252
1 1 1 1 1 1 1 252 252 1
1 1 1 1 1 1 252 252 1 1
1 1 1 1 1 252 252 1 1 1
1 1 1 1 252 252 1 1 1 1
1 1 1 252 252 1 1 1 1 1
1 1 252 252 1 1 1 1 1 1
1 252 252 1 1 1 1 1 1 1
252 252 1 1 1 1 1 1 1 1
252 1 1 1 1 1 1 1 1 1
1 1 1 1 1 1 1 1 1 1
1 1 1 1 1 1 1 1 1 1
1 1 1 1 1 1 1 1 1 1
1 1 1 1 1 1 1 1 1 1
1 1 1 1 1 1 1 1 1 1
1 1 1 1 1 1 1 1 1 252
1 1 1 1 1 1 1 1 252 252
1 1 1 1 1 1 1 252 252 252
1 1 1 1 1 1 252 252 252 1
1 1 1 1 1 252 252 252 1 252
1 1 1 1 252 252 252 1 252 1
1 1 1 252 252 252 1 252 1 1
1 1 252 252 252 1 252 1 1 1
1 252 252 252 1 252 1 1 1 1
252 252 252 1 252 1 1 1 1 252
252 252 1 252 1 1 1 1 252 1
252 1 252 1 1 1 1 252 1 1
1 252 1 1 1 1 252 1 1 1
252 1 1 1 1 252 1 1 1 1
1 1 1 1 252 1 1 1 1 1
1 1 1 252 1 1 1 1 1 1
1 1 252 1 1 1 1 1 1 1
1 252 1 1 1 1 1 1 1 1
252 1 1 1 1 1 1 1 1 1
1 1 1 1 1 1 1 1 1 252
1 1 1 1 1 1 1 1 252 252
1 1 1 1 1 1 1 252 252 252
1 1 1 1 1 1 252 252 252 252
1 1 1 1 1 252 252 252 252 252
1 1 1 1 252 252 252 252 252 1
1 1 1 252 252 252 252 252 1 1
1 1 252 252 252 252 252 1 1 1
1 252 252 252 252 252 1 1 1 1
252 252 252 252 252 1 1 1 1 1
252 252 252 252 1 1 1 1 1 1
252 252 252 1 1 1 1 1 1 1
252 252 1 1 1 1 1 1 1 1
252 1 1 1 1 1 1 1 1 1
1 1 1 1 1 1 1 1 1 1
1 1 1 1 1 1 1 1 1 1
1 1 1 1 1 1 1 1 1 1
1 1 1 1 1 1 1 1 1 1
1 1 1 1 1 1 1 1 1 1
1 1 1 1 1 1 1 1 1 1
1 1 1 1 1 1 1 1 1 1
1 1 1 1 1 1 1 1 1 1
1 1 1 1 1 1 1 1 1 1
1 1 1 1 1 1 1 1 1 1
1 1 1 1 1 1 1 1 1 1
1 1 1 1 1 1 1 1 1 1
1 1 1 1 1 1 1 1 1 1
1 1 1 1 1 1 1 1 1 1
1 1 1 1 1 1 1 1 1 1
1 1 1 1 1 1 1 1 1 1
1 1 1 1 1 1 1 1 1 1
1 1 1 1 1 1 1 1 1 1
1 1 1 1 1 1 1 1 1 1
1 1 1 1 1 1 1 1 1 1
1 1 1 1 1 1 1 1 1 1
1 1 1 1 1 1 1 1 1 1
1 1 1 1 1 1 1 1 1 1
1 1 1 1 1 1 1 1 1 1
1 1 1 1 1 1 1 1 1 1
1 1 1 1 1 1 1 1 1 1
1 1 1 1 1 1 1 1 1 1
1 1 1 1 1 1 1 1 1 1
1 1 1 1 1 1 1 1 1 1
1 1 1 1 1 1 1 1 1 1
1 1 1 1 1 1 1 1 1 1
1 1 1 1 1 1 1 1 1 1
1 1 1 1 1 1 1 1 1 1
1 1 1 1 1 1 1 1 1 1
1 1 1 1 1 1 1 1 1 1
1 1 1 1 1 1 1 1 1 1
1 1 1 1 1 1 1 1 1 1
1 1 1 1 1 1 1 1 1 1
1 1 1 1 1 1 1 1 1 1
1 1 1 1 1 1 1 1 1 1
1 1 1 1 1 1 1 1 1 1
1 1 1 1 1 1 1 1 1 1
1 1 1 1 1 1 1 1 1 1
1 1 1 1 1 1 1 1 1 1
1 1 1 1 1 1 1 1 1 1
1 1 1 1 1 1 1 1 1 1
1 1 1 1 1 1 1 1 1 1
1 1 1 1 1 1 1 1 1 1
1 1 1 1 1 1 1 1 1 1
1 1 1 1 1 1 1 1 1 1
1 1 1 1 1 1 1 1 1 1
1 1 1 1 1 1 1 1 1 1
1 1 1 1 1 1 1 1 1 1
1 1 1 1 1 1 1 1 1 1
1 1 1 1 1 1 1 1 1 1
1 1 1 1 1 1 1 1 1 1
1 1 1 1 1 1 1 1 1 1
1 1 1 1 1 1 1 1 1 1
1 1 1 1 1 1 1 1 1 1
1 1 1 1 1 1 1 1 1 1
1 1 1 1 1 1 1 1 1 1
1 1 1 1 1 1 1 1 1 1
1 1 1 1 1 1 1 1 1 1
1 1 1 1 1 1 1 1 1 1
1 1 1 1 1 1 1 1 1 1
1 1 1 1 1 1 1 1 1 1
1 1 1 1 1 1 1 1 1 1
1 1 1 1 1 1 1 1 1 1
1 1 1 1 1 1 1 1 1 1
1 1 1 1 1 1 1 1 1 1
1 1 1 1 1 1 1 1 1 1
1 1 1 1 1 1 1 1 1 1
1 1 1 1 1 1 1 1 1 1
1 1 1 1 1 1 1 1 1 1
1 1 1 1 1 1 1 1 1 1
1 1 1 1 1 1 1 1 1 1
1 1 1 1 1 1 1 1 1 1
1 1 1 1 1 1 1 1 1 1
1 1 1 1 1 1 1 1 1 1
1 1 1 1 1 1 1 1 1 1
1 1 1 1 1 1 1 1 1 1
1 1 1 1 1 1 1 1 1 1
1 1 1 1 1 1 1 1 1 1
1 1 1 1 1 1 1 1 1 1
1 1 1 1 1 1 1 1 1 1
1 1 1 1 1 1 1 1 1 1
1 1 1 1 1 1 1 1 1 1
1 1 1 1 1 1 1 1 1 1
1 1 1 1 1 1 1 1 1 1
1 1 1 1 1 1 1 1 1 1
1 1 1 1 1 1 1 1 1 1
1 1 1 1 1 1 1 1 1 1
1 1 1 1 1 1 1 1 1 1
1 1 1 1 1 1 1 1 1 1
1 1 1 1 1 1 1 1 1 1
1 1 1 1 1 1 1 1 1 1
1 1 1 1 1 1 1 1 1 1
1 1 1 1 1 1 1 1 1 1
1 1 1 1 1 1 1 1 1 1
1 1 1 1 1 1 1 1 1 1
1 1 1 1 1 1 1 1 1 1
1 1 1 1 1 1 1 1 1 1
1 1 1 1 1 1 1 1 1 1
1 1 1 1 1 1 1 1 1 1
1 1 1 1 1 1 1 1 1 1
1 1 1 1 1 1 1 1 1 252
1 1 1 1 1 1 1 1 252 252
1 1 1 1 1 1 1 252 252 252
1 1 1 1 1 1 252 252 252 252
1 1 1 1 1 252 252 252 252 252
1 1 1 1 252 252 252 252 252 252
1 1 1 252 252 252 252 252 252 252
1 1 252 252 252 252 252 252 252 252
1 252 252 252 252 252 252 252 252 252
252 252 252 252 252 252 252 252 252 252
252 252 252 252 252 252 252 252 252 252
252 252 252 252 252 252 252 252 252 252
252 252 252 252 252 252 252 252 252 252
252 252 252 252 252 252 252 252 252 252
252 252 252 252 252 252 252 252 252 252
252 252 252 252 252 252 252 252 252 252
252 252 252 252 252 252 252 252 252 252
252 252 252 252 252 252 252 252 252 1
252 252 252 252 252 252 252 252 1 1
252 252 252 252 252 252 252 1 1 1
252 252 252 252 252 252 1 1 1 1
252 252 252 252 252 1 1 1 1 1
252 252 252 252 1 1 1 1 1 252
252 252 252 1 1 1 1 1 252 252
252 252 1 1 1 1 1 252 252 252
252 1 1 1 1 1 252 252 252 1
1 1 1 1 1 252 252 252 1 1
1 1 1 1 252 252 252 1 1 1
1 1 1 252 252 252 1 1 1 1
1 1 252 252 252 1 1 1 1 1
1 252 252 252 1 1 1 1 1 1
252 252 252 1 1 1 1 1 1 1
252 252 1 1 1 1 1 1 1 1
252 1 1 1 1 1 1 1 1 1
1 1 1 1 1 1 1 1 1 252
1 1 1 1 1 1 1 1 252 1
1 1 1 1 1 1 1 252 1 1
1 1 1 1 1 1 252 1 1 1
1 1 1 1 1 252 1 1 1 1
1 1 1 1 252 1 1 1 1 1
1 1 1 252 1 1 1 1 1 1
1 1 252 1 1 1 1 1 1 1
1 252 1 1 1 1 1 1 1 1
252 1 1 1 1 1 1 1 1 1
1 1 1 1 1 1 1 1 1 1
1 1 1 1 1 1 1 1 1 252
1 1 1 1 1 1 1 1 252 1
1 1 1 1 1 1 1 252 1 1
1 1 1 1 1 1 252 1 1 1
1 1 1 1 1 252 1 1 1 1
1 1 1 1 252 1 1 1 1 1
1 1 1 252 1 1 1 1 1 1
1 1 252 1 1 1 1 1 1 1
1 252 1 1 1 1 1 1 1 1
252 1 1 1 1 1 1 1 1 1
1 1 1 1 1 1 1 1 1 1
1 1 1 1 1 1 1 1 1 1
1 1 1 1 1 1 1 1 1 1
1 1 1 1 1 1 1 1 1 1
1 1 1 1 1 1 1 1 1 1
1 1 1 1 1 1 1 1 1 1
1 1 1 1 1 1 1 1 1 1
1 1 1 1 1 1 1 1 1 1
1 1 1 1 1 1 1 1 1 1
1 1 1 1 1 1 1 1 1 1
1 1 1 1 1 1 1 1 1 1
1 1 1 1 1 1 1 1 1 1
1 1 1 1 1 1 1 1 1 1
1 1 1 1 1 1 1 1 1 1
1 1 1 1 1 1 1 1 1 1
1 1 1 1 1 1 1 1 1 1
1 1 1 1 1 1 1 1 1 1
1 1 1 1 1 1 1 1 1 252
1 1 1 1 1 1 1 1 252 252
1 1 1 1 1 1 1 252 252 252
1 1 1 1 1 1 252 252 252 252
1 1 1 1 1 252 252 252 252 252
1 1 1 1 252 252 252 252 252 1
1 1 1 252 252 252 252 252 1 1
1 1 252 252 252 252 252 1 1 252
1 252 252 252 252 252 1 1 252 1
252 252 252 252 252 1 1 252 1 252
252 252 252 252 1 1 252 1 252 252
252 252 252 1 1 252 1 252 252 252
252 252 1 1 252 1 252 252 252 252
252 1 1 252 1 252 252 252 252 252
1 1 252 1 252 252 252 252 252 1
1 252 1 252 252 252 252 252 1 1
252 1 252 252 252 252 252 1 1 252
1 252 252 252 252 252 1 1 252 252
252 252 252 252 252 1 1 252 252 252
252 252 252 252 1 1 252 252 252 1
252 252 252 1 1 252 252 252 1 1
252 252 1 1 252 252 252 1 1 1
252 1 1 252 252 252 1 1 1 1
1 1 252 252 252 1 1 1 1 1
1 252 252 252 1 1 1 1 1 1
252 252 252 1 1 1 1 1 1 1
252 252 1 1 1 1 1 1 1 1
252 1 1 1 1 1 1 1 1 1
1 1 1 1 1 1 1 1 1 1
1 1 1 1 1 1 1 1 1 1
1 1 1 1 1 1 1 1 1 1
1 1 1 1 1 1 1 1 1 1
1 1 1 1 1 1 1 1 1 1
1 1 1 1 1 1 1 1 1 1
1 1 1 1 1 1 1 1 1 1
1 1 1 1 1 1 1 1 1 1
1 1 1 1 1 1 1 1 1 1
1 1 1 1 1 1 1 1 1 1
1 1 1 1 1 1 1 1 1 1
1 1 1 1 1 1 1 1 1 1
1 1 1 1 1 1 1 1 1 1
1 1 1 1 1 1 1 1 1 1
1 1 1 1 1 1 1 1 1 1
1 1 1 1 1 1 1 1 1 1
1 1 1 1 1 1 1 1 1 1
1 1 1 1 1 1 1 1 1 1
1 1 1 1 1 1 1 1 1 1
1 1 1 1 1 1 1 1 1 1
1 1 1 1 1 1 1 1 1 1
1 1 1 1 1 1 1 1 1 1
1 1 1 1 1 1 1 1 1 1
1 1 1 1 1 1 1 1 1 1
1 1 1 1 1 1 1 1 1 1
1 1 1 1 1 1 1 1 1 1
1 1 1 1 1 1 1 1 1 1
1 1 1 1 1 1 1 1 1 1
1 1 1 1 1 1 1 1 1 1
1 1 1 1 1 1 1 1 1 1
1 1 1 1 1 1 1 1 1 1
1 1 1 1 1 1 1 1 1 1
1 1 1 1 1 1 1 1 1 1
1 1 1 1 1 1 1 1 1 1
1 1 1 1 1 1 1 1 1 1
1 1 1 1 1 1 1 1 1 1
1 1 1 1 1 1 1 1 1 1
1 1 1 1 1 1 1 1 1 1
1 1 1 1 1 1 1 1 1 1
1 1 1 1 1 1 1 1 1 1
1 1 1 1 1 1 1 1 1 1
1 1 1 1 1 1 1 1 1 1
1 1 1 1 1 1 1 1 1 1
1 1 1 1 1 1 1 1 1 1
1 1 1 1 1 1 1 1 1 1
1 1 1 1 1 1 1 1 1 1
1 1 1 1 1 1 1 1 1 1
1 1 1 1 1 1 1 1 1 1
1 1 1 1 1 1 1 1 1 1
1 1 1 1 1 1 1 1 1 1
1 1 1 1 1 1 1 1 1 1
1 1 1 1 1 1 1 1 1 1
1 1 1 1 1 1 1 1 1 1
1 1 1 1 1 1 1 1 1 1
1 1 1 1 1 1 1 1 1 1
1 1 1 1 1 1 1 1 1 1
1 1 1 1 1 1 1 1 1 1
1 1 1 1 1 1 1 1 1 1
1 1 1 1 1 1 1 1 1 1
1 1 1 1 1 1 1 1 1 1
1 1 1 1 1 1 1 1 1 1
1 1 1 1 1 1 1 1 1 1
1 1 1 1 1 1 1 1 1 1
1 1 1 1 1 1 1 1 1 1
1 1 1 1 1 1 1 1 1 1
1 1 1 1 1 1 1 1 1 1
1 1 1 1 1 1 1 1 1 1
1 1 1 1 1 1 1 1 1 1
1 1 1 1 1 1 1 1 1 1
1 1 1 1 1 1 1 1 1 1
1 1 1 1 1 1 1 1 1 252
1 1 1 1 1 1 1 1 252 1
1 1 1 1 1 1 1 252 1 1
1 1 1 1 1 1 252 1 1 1
1 1 1 1 1 252 1 1 1 1
1 1 1 1 252 1 1 1 1 1
1 1 1 252 1 1 1 1 1 1
1 1 252 1 1 1 1 1 1 1
1 252 1 1 1 1 1 1 1 1
252 1 1 1 1 1 1 1 1 1
1 1 1 1 1 1 1 1 1 1
1 1 1 1 1 1 1 1 1 1
1 1 1 1 1 1 1 1 1 1
1 1 1 1 1 1 1 1 1 1
1 1 1 1 1 1 1 1 1 1
1 1 1 1 1 1 1 1 1 1
1 1 1 1 1 1 1 1 1 1
1 1 1 1 1 1 1 1 1 1
1 1 1 1 1 1 1 1 1 1
1 1 1 1 1 1 1 1 1 1
1 1 1 1 1 1 1 1 1 1
1 1 1 1 1 1 1 1 1 1
1 1 1 1 1 1 1 1 1 1
1 1 1 1 1 1 1 1 1 1
1 1 1 1 1 1 1 1 1 1
1 1 1 1 1 1 1 1 1 1
1 1 1 1 1 1 1 1 1 1
1 1 1 1 1 1 1 1 1 1
1 1 1 1 1 1 1 1 1 1
1 1 1 1 1 1 1 1 1 1
1 1 1 1 1 1 1 1 1 1
1 1 1 1 1 1 1 1 1 1
1 1 1 1 1 1 1 1 1 1
1 1 1 1 1 1 1 1 1 1
1 1 1 1 1 1 1 1 1 252
1 1 1 1 1 1 1 1 252 1
1 1 1 1 1 1 1 252 1 1
1 1 1 1 1 1 252 1 1 252
1 1 1 1 1 252 1 1 252 1
1 1 1 1 252 1 1 252 1 1
1 1 1 252 1 1 252 1 1 252
1 1 252 1 1 252 1 1 252 1
1 252 1 1 252 1 1 252 1 1
252 1 1 252 1 1 252 1 1 252
1 1 252 1 1 252 1 1 252 252
1 252 1 1 252 1 1 252 252 1
252 1 1 252 1 1 252 252 1 1
1 1 252 1 1 252 252 1 1 1
1 252 1 1 252 252 1 1 1 1
252 1 1 252 252 1 1 1 1 1
1 1 252 252 1 1 1 1 1 1
1 252 252 1 1 1 1 1 1 1
252 252 1 1 1 1 1 1 1 1
252 1 1 1 1 1 1 1 1 1
1 1 1 1 1 1 1 1 1 252
1 1 1 1 1 1 1 1 252 1
1 1 1 1 1 1 1 252 1 1
1 1 1 1 1 1 252 1 1 1
1 1 1 1 1 252 1 1 1 1
1 1 1 1 252 1 1 1 1 1
1 1 1 252 1 1 1 1 1 1
1 1 252 1 1 1 1 1 1 252
1 252 1 1 1 1 1 1 252 252
252 1 1 1 1 1 1 252 252 252
1 1 1 1 1 1 252 252 252 1
1 1 1 1 1 252 252 252 1 1
1 1 1 1 252 252 252 1 1 1
1 1 1 252 252 252 1 1 1 1
1 1 252 252 252 1 1 1 1 1
1 252 252 252 1 1 1 1 1 1
252 252 252 1 1 1 1 1 1 1
252 252 1 1 1 1 1 1 1 1
252 1 1 1 1 1 1 1 1 1
1 1 1 1 1 1 1 1 1 1
1 1 1 1 1 1 1 1 1 1
1 1 1 1 1 1 1 1 1 1
1 1 1 1 1 1 1 1 1 1
1 1 1 1 1 1 1 1 1 1
1 1 1 1 1 1 1 1 1 1
1 1 1 1 1 1 1 1 1 1
1 1 1 1 1 1 1 1 1 252
1 1 1 1 1 1 1 1 252 1
1 1 1 1 1 1 1 252 1 1
1 1 1 1 1 1 252 1 1 1
1 1 1 1 1 252 1 1 1 1
1 1 1 1 252 1 1 1 1 1
1 1 1 252 1 1 1 1 1 252
1 1 252 1 1 1 1 1 252 1
1 252 1 1 1 1 1 252 1 1
252 1 1 1 1 1 252 1 1 1
1 1 1 1 1 252 1 1 1 1
1 1 1 1 252 1 1 1 1 1
1 1 1 252 1 1 1 1 1 1
1 1 252 1 1 1 1 1 1 1
1 252 1 1 1 1 1 1 1 252
252 1 1 1 1 1 1 1 252 1
1 1 1 1 1 1 1 252 1 1
1 1 1 1 1 1 252 1 1 1
1 1 1 1 1 252 1 1 1 1
1 1 1 1 252 1 1 1 1 1
1 1 1 252 1 1 1 1 1 1
1 1 252 1 1 1 1 1 1 252
1 252 1 1 1 1 1 1 252 252
252 1 1 1 1 1 1 252 252 1
1 1 1 1 1 1 252 252 1 1
1 1 1 1 1 252 252 1 1 1
1 1 1 1 252 252 1 1 1 1
1 1 1 252 252 1 1 1 1 1
1 1 252 252 1 1 1 1 1 252
1 252 252 1 1 1 1 1 252 252
252 252 1 1 1 1 1 252 252 252
252 1 1 1 1 1 252 252 252 252
1 1 1 1 1 252 252 252 252 1
1 1 1 1 252 252 252 252 1 1
1 1 1 252 252 252 252 1 1 1
1 1 252 252 252 252 1 1 1 1
1 252 252 252 252 1 1 1 1 1
252 252 252 252 1 1 1 1 1 1
252 252 252 1 1 1 1 1 1 1
252 252 1 1 1 1 1 1 1 1
252 1 1 1 1 1 1 1 1 1
1 1 1 1 1 1 1 1 1 1
1 1 1 1 1 1 1 1 1 1
1 1 1 1 1 1 1 1 1 1
1 1 1 1 1 1 1 1 1 1
1 1 1 1 1 1 1 1 1 252
1 1 1 1 1 1 1 1 252 252
1 1 1 1 1 1 1 252 252 252
1 1 1 1 1 1 252 252 252 252
1 1 1 1 1 252 252 252 252 252
1 1 1 1 252 252 252 252 252 252
1 1 1 252 252 252 252 252 252 252
1 1 252 252 252 252 252 252 252 252
1 252 252 252 252 252 252 252 252 252
252 252 252 252 252 252 252 252 252 252
252 252 252 252 252 252 252 252 252 252
252 252 252 252 252 252 252 252 252 252
252 252 252 252 252 252 252 252 252 252
252 252 252 252 252 252 252 252 252 252
252 252 252 252 252 252 252 252 252 252
252 252 252 252 252 252 252 252 252 252
252 252 252 252 252 252 252 252 252 1
252 252 252 252 252 252 252 252 1 252
252 252 252 252 252 252 252 1 252 252
252 252 252 252 252 252 1 252 252 252
252 252 252 252 252 1 252 252 252 252
252 252 252 252 1 252 252 252 252 252
252 252 252 1 252 252 252 252 252 252
252 252 1 252 252 252 252 252 252 252
252 1 252 252 252 252 252 252 252 252
1 252 252 252 252 252 252 252 252 1
252 252 252 252 252 252 252 252 1 252
252 252 252 252 252 252 252 1 252 252
252 252 252 252 252 252 1 252 252 252
252 252 252 252 252 1 252 252 252 252
252 252 252 252 1 252 252 252 252 252
252 252 252 1 252 252 252 252 252 252
252 252 1 252 252 252 252 252 252 252
252 1 252 252 252 252 252 252 252 252
1 252 252 252 252 252 252 252 252 252
252 252 252 252 252 252 252 252 252 252
252 252 252 252 252 252 252 252 252 252
252 252 252 252 252 252 252 252 252 252
252 252 252 252 252 252 252 252 252 252
252 252 252 252 252 252 252 252 252 252
252 252 252 252 252 252 252 252 252 252
252 252 252 252 252 252 252 252 252 252
252 252 252 252 252 252 252 252 252 1
252 252 252 252 252 252 252 252 1 252
252 252 252 252 252 252 252 1 252 252
252 252 252 252 252 252 1 252 252 1
252 252 252 252 252 1 252 252 1 252
252 252 252 252 1 252 252 1 252 252
252 252 252 1 252 252 1 252 252 1
252 252 1 252 252 1 252 252 1 1
252 1 252 252 1 252 252 1 1 252
1 252 252 1 252 252 1 1 252 252
252 252 1 252 252 1 1 252 252 252
252 1 252 252 1 1 252 252 252 1
1 252 252 1 1 252 252 252 1 1
252 252 1 1 252 252 252 1 1 252
252 1 1 252 252 252 1 1 252 252
1 1 252 252 252 1 1 252 252 252
1 252 252 252 1 1 252 252 252 252
252 252 252 1 1 252 252 252 252 1
252 252 1 1 252 252 252 252 1 1
252 1 1 252 252 252 252 1 1 1
1 1 252 252 252 252 1 1 1 1
1 252 252 252 252 1 1 1 1 1
252 252 252 252 1 1 1 1 1 1
252 252 252 1 1 1 1 1 1 1
252 252 1 1 1 1 1 1 1 1
252 1 1 1 1 1 1 1 1 252
1 1 1 1 1 1 1 1 252 252
1 1 1 1 1 1 1 252 252 252
1 1 1 1 1 1 252 252 252 252
1 1 1 1 1 252 252 252 252 252
1 1 1 1 252 252 252 252 252 252
1 1 1 252 252 252 252 252 252 252
1 1 252 252 252 252 252 252 252 1
1 252 252 252 252 252 252 252 1 252
252 252 252 252 252 252 252 1 252 252
252 252 252 252 252 252 1 252 252 252
252 252 252 252 252 1 252 252 252 1
252 252 252 252 1 252 252 252 1 1
252 252 252 1 252 252 252 1 1 1
252 252 1 252 252 252 1 1 1 1
252 1 252 252 252 1 1 1 1 1
1 252 252 252 1 1 1 1 1 1
252 252 252 1 1 1 1 1 1 1
252 252 1 1 1 1 1 1 1 1
252 1 1 1 1 1 1 1 1 1
1 1 1 1 1 1 1 1 1 1
1 1 1 1 1 1 1 1 1 1
1 1 1 1 1 1 1 1 1 1
1 1 1 1 1 1 1 1 1 1
1 1 1 1 1 1 1 1 1 1
1 1 1 1 1 1 1 1 1 1
1 1 1 1 1 1 1 1 1 1
1 1 1 1 1 1 1 1 1 1
1 1 1 1 1 1 1 1 1 1
1 1 1 1 1 1 1 1 1 1
1 1 1 1 1 1 1 1 1 1
1 1 1 1 1 1 1 1 1 1
1 1 1 1 1 1 1 1 1 1
1 1 1 1 1 1 1 1 1 1
1 1 1 1 1 1 1 1 1 1
1 1 1 1 1 1 1 1 1 1
1 1 1 1 1 1 1 1 1 1
1 1 1 1 1 1 1 1 1 1
1 1 1 1 1 1 1 1 1 1
1 1 1 1 1 1 1 1 1 1
1 1 1 1 1 1 1 1 1 1
1 1 1 1 1 1 1 1 1 1
1 1 1 1 1 1 1 1 1 1
1 1 1 1 1 1 1 1 1 1
1 1 1 1 1 1 1 1 1 1
1 1 1 1 1 1 1 1 1 252
1 1 1 1 1 1 1 1 252 252
1 1 1 1 1 1 1 252 252 252
1 1 1 1 1 1 252 252 252 252
1 1 1 1 1 252 252 252 252 252
1 1 1 1 252 252 252 252 252 252
1 1 1 252 252 252 252 252 252 252
1 1 252 252 252 252 252 252 252 252
1 252 252 252 252 252 252 252 252 252
252 252 252 252 252 252 252 252 252 252
252 252 252 252 252 252 252 252 252 252
252 252 252 252 252 252 252 252 252 252
252 252 252 252 252 252 252 252 252 252
252 252 252 252 252 252 252 252 252 252
252 252 252 252 252 252 252 252 252 252
252 252 252 252 252 252 252 252 252 252
252 252 252 252 252 252 252 252 252 252
252 252 252 252 252 252 252 252 252 252
252 252 252 252 252 252 252 252 252 252
252 252 252 252 252 252 252 252 252 252
252 252 252 252 252 252 252 252 252 252
252 252 252 252 252 252 252 252 252 252
252 252 252 252 252 252 252 252 252 252
252 252 252 252 252 252 252 252 252 252
252 252 252 252 252 252 252 252 252 252
252 252 252 252 252 252 252 252 252 252
252 252 252 252 252 252 252 252 252 1
252 252 252 252 252 252 252 252 1 252
252 252 252 252 252 252 252 1 252 252
252 252 252 252 252 252 1 252 252 1
252 252 252 252 252 1 252 252 1 252
252 252 252 252 1 252 252 1 252 252
252 252 252 1 252 252 1 252 252 252
252 252 1 252 252 1 252 252 252 252
252 1 252 252 1 252 252 252 252 252
1 252 252 1 252 252 252 252 252 252
252 252 1 252 252 252 252 252 252 252
252 1 252 252 252 252 252 252 252 252
1 252 252 252 252 252 252 252 252 252
252 252 252 252 252 252 252 252 252 252
252 252 252 252 252 252 252 252 252 252
252 252 252 252 252 252 252 252 252 252
252 252 252 252 252 252 252 252 252 252
252 252 252 252 252 252 252 252 252 252
252 252 252 252 252 252 252 252 252 1
252 252 252 252 252 252 252 252 1 1
252 252 252 252 252 252 252 1 1 1
252 252 252 252 252 252 1 1 1 1
252 252 252 252 252 1 1 1 1 1
252 252 252 252 1 1 1 1 1 1
252 252 252 1 1 1 1 1 1 1
252 252 1 1 1 1 1 1 1 1
252 1 1 1 1 1 1 1 1 1
1 1 1 1 1 1 1 1 1 1
1 1 1 1 1 1 1 1 1 1
1 1 1 1 1 1 1 1 1 1
1 1 1 1 1 1 1 1 1 252
1 1 1 1 1 1 1 1 252 1
1 1 1 1 1 1 1 252 1 1
1 1 1 1 1 1 252 1 1 1
1 1 1 1 1 252 1 1 1 1
1 1 1 1 252 1 1 1 1 252
1 1 1 252 1 1 1 1 252 252
1 1 252 1 1 1 1 252 252 252
1 252 1 1 1 1 252 252 252 252
252 1 1 1 1 252 252 252 252 252
1 1 1 1 252 252 252 252 252 252
1 1 1 252 252 252 252 252 252 252
1 1 252 252 252 252 252 252 252 1
1 252 252 252 252 252 252 252 1 252
252 252 252 252 252 252 252 1 252 1
252 252 252 252 252 252 1 252 1 1
252 252 252 252 252 1 252 1 1 252
252 252 252 252 1 252 1 1 252 1
252 252 252 1 252 1 1 252 1 1
252 252 1 252 1 1 252 1 1 252
252 1 252 1 1 252 1 1 252 1
1 252 1 1 252 1 1 252 1 252
252 1 1 252 1 1 252 1 252 252
1 1 252 1 1 252 1 252 252 252
1 252 1 1 252 1 252 252 252 252
252 1 1 252 1 252 252 252 252 252
1 1 252 1 252 252 252 252 252 252
1 252 1 252 252 252 252 252 252 252
252 1 252 252 252 252 252 252 252 252
1 252 252 252 252 252 252 252 252 252
252 252 252 252 252 252 252 252 252 252
252 252 252 252 252 252 252 252 252 1
252 252 252 252 252 252 252 252 1 252
252 252 252 252 252 252 252 1 252 1
252 252 252 252 252 252 1 252 1 1
252 252 252 252 252 1 252 1 1 252
252 252 252 252 1 252 1 1 252 1
252 252 252 1 252 1 1 252 1 252
252 252 1 252 1 1 252 1 252 252
252 1 252 1 1 252 1 252 252 252
1 252 1 1 252 1 252 252 252 1
252 1 1 252 1 252 252 252 1 252
1 1 252 1 252 252 252 1 252 252
1 252 1 252 252 252 1 252 252 252
252 1 252 252 252 1 252 252 252 1
1 252 252 252 1 252 252 252 1 1
252 252 252 1 252 252 252 1 1 252
252 252 1 252 252 252 1 1 252 252
252 1 252 252 252 1 1 252 252 252
1 252 252 252 1 1 252 252 252 252
252 252 252 1 1 252 252 252 252 252
252 252 1 1 252 252 252 252 252 252
252 1 1 252 252 252 252 252 252 252
1 1 252 252 252 252 252 252 252 252
1 252 252 252 252 252 252 252 252 252
252 252 252 252 252 252 252 252 252 252
252 252 252 252 252 252 252 252 252 252
252 252 252 252 252 252 252 252 252 252
252 252 252 252 252 252 252 252 252 252
252 252 252 252 252 252 252 252 252 252
252 252 252 252 252 252 252 252 252 1
252 252 252 252 252 252 252 252 1 1
252 252 252 252 252 252 252 1 1 252